77710   11556
22632   23674
82229   77288
35788   30924
84000   63702
28350   62605
15185   47495
59530   63702
38142   60772
53694   41728
38645   53443
14632   43457
54935   60772
80251   67650
45254   80940
92045   48739
88570   62608
36464   14863
15072   50428
47732   12515
66594   38710
49622   63960
38988   83798
80235   95974
66138   48396
24678   63702
89750   21245
49637   60225
66174   33783
31929   60355
86217   38710
63702   64237
10029   40993
18724   11247
86376   33183
38846   77319
71807   81452
95125   65995
14313   48739
43968   82639
95579   67299
34700   57990
95295   86925
77804   39861
23393   68293
16675   33218
86282   15372
23383   44772
93238   77732
48968   55633
